Sec  SL  Slot  Cable  T0(BkgIntersect) T0err T0N p0  p1  p2  p3  p4(Bkg) xSigmHalf Err(p0  p1  p2  p3  p4)
2 1 1 1 503.508 51859.654 503.507 7.625 -0.0204 52.853 -0.0982 5.296 538.339 1.522 31.088 4298.930 12.169 0.141
2 1 1 2 514.223 66.813 514.222 8.169 -0.0221 53.763 -0.0974 7.188 551.864 2.059 0.035 0.635 0.002 0.007
2 1 1 3 497.584 42659.742 497.583 7.853 -0.0211 52.872 -0.0993 7.545 532.604 1.757 25.417 3354.545 9.186 0.171
2 1 1 4 478.985 4561.876 478.984 8.092 -0.0223 52.436 -0.1021 7.344 513.789 1.635 2.766 102.511 0.275 0.069
2 1 1 5 489.335 4422.999 489.334 6.743 -0.0173 51.870 -0.0997 9.067 520.027 1.253 3.235 228.969 0.602 0.106
2 1 1 6 533.664 376.996 533.663 6.771 -0.0126 52.608 -0.0934 9.076 562.996 1.563 0.287 4.257 0.013 0.023
2 1 2 1 505.868 3871.099 505.867 6.533 -0.0142 52.068 -0.0974 8.693 534.840 1.297 3.045 158.810 0.418 0.089
2 1 2 2 540.095 138905.619 540.094 6.719 -0.0172 53.689 -0.0936 8.723 573.871 1.794 85.965 18524.780 50.526 0.201
2 1 2 3 522.992 2751.132 522.992 7.760 -0.0094 51.241 -0.0932 10.329 549.899 1.456 2.363 126.586 0.339 0.152
2 1 2 4 594.774 20628.941 594.774 8.031 -0.0087 50.946 -0.0814 9.734 625.999 1.703 13.938 691.402 1.905 0.134
2 1 2 5 536.177 30932.050 536.177 6.719 -0.0129 52.907 -0.0935 9.585 565.676 2.042 23.324 2507.296 6.760 0.187
2 1 2 6 575.467 682.721 575.466 8.064 -0.0089 52.105 -0.0862 11.958 604.691 1.532 0.510 9.058 0.024 0.031
2 1 3 1 590.830 40671.745 590.830 7.771 -0.0094 51.850 -0.0834 11.362 621.797 1.719 27.851 1445.876 3.888 0.164
2 1 3 2 573.884 14237.765 573.884 7.978 -0.0091 52.888 -0.0878 11.051 602.630 1.898 10.873 557.662 1.504 0.147
2 1 3 3 590.399 7648.726 590.399 8.051 -0.0092 50.546 -0.0812 12.917 622.223 1.485 5.044 138.498 0.373 0.076
2 1 3 4 913.399 4238.503 913.398 8.420 -0.0081 56.627 -0.0590 13.453 960.134 2.054 1.414 0.071 1.414 0.299
2 1 3 5 669.384 44074.192 669.384 8.473 -0.0076 45.135 -0.0635 12.821 710.856 1.340 18.921 709.307 1.948 0.154
2 1 3 6 606.426 4046.874 606.426 8.454 -0.0084 51.335 -0.0805 14.768 637.780 1.522 2.703 986.876 2.703 0.314
2 1 4 1 575.415 28471.662 575.415 7.927 -0.0094 50.794 -0.0838 14.434 606.214 1.718 19.802 778.679 2.169 0.202
2 1 4 2 607.738 30372.733 607.738 8.124 -0.0090 49.359 -0.0769 15.344 641.673 1.751 18.124 877.706 2.378 0.156
2 1 4 3 1205.910 2442056.221 1205.909 8.804 -0.0072 45.920 -0.0353 15.949 1301.473 2.027 224.973 1.414 224.973 0.326
2 1 4 4 644.285 35757.599 644.285 8.475 -0.0086 45.470 -0.0664 16.964 684.886 1.436 15.999 734.067 1.991 0.180
2 1 4 5 580.241 4294.963 580.240 8.370 -0.0088 49.840 -0.0815 16.221 611.545 1.458 2.913 74.904 0.197 0.080
2 1 4 6 643.117 46152.279 643.117 8.330 -0.0083 46.994 -0.0690 14.711 681.282 1.822 22.769 868.859 2.478 0.142
2 1 5 1 112.704 744.528 112.704 9.000 -0.0094 15.689 -0.1181 10.000 132.842 1.779 1.414 1.414 1.414 1.414
2 1 5 2 112.704 744.528 112.704 9.000 -0.0094 15.689 -0.1181 10.000 132.842 1.779 1.414 1.414 1.414 1.414
2 1 5 3 574.933 8726.971 574.933 8.014 -0.0093 47.518 -0.0781 15.297 608.496 1.689 5.369 242.412 0.660 0.131
2 1 5 4 590.803 43005.740 590.802 7.903 -0.0092 49.687 -0.0797 15.242 623.417 1.477 27.384 1227.363 3.485 0.196
2 1 5 5 586.256 11515.664 586.255 7.825 -0.0092 49.165 -0.0794 13.495 619.073 1.819 7.283 844.593 0.614 0.087
2 1 5 6 615.565 16894.393 615.565 8.071 -0.0085 45.342 -0.0694 14.565 653.801 1.594 8.390 364.468 1.016 0.128
2 1 6 1 1433.207 13562.513 1433.206 8.653 -0.0077 57.754 -0.0379 16.673 1521.987 2.058 1.414 1.414 1.414 0.333
2 1 6 2 615.869 50137.906 615.868 8.057 -0.0090 47.548 -0.0729 17.136 652.294 1.361 26.832 991.698 2.679 0.218
2 1 6 3 581.486 9520.378 581.485 7.890 -0.0091 47.398 -0.0770 15.480 615.493 1.788 5.728 230.244 0.622 0.116
2 1 6 4 595.976 833.138 595.976 7.929 -0.0092 48.085 -0.0763 16.037 630.496 1.777 0.487 10.263 0.022 0.031
2 1 6 5 640.728 12106.914 640.728 7.965 -0.0088 49.842 -0.0737 14.136 676.445 1.763 6.610 2431.579 6.610 0.307
2 1 6 6 651.847 2692.842 651.847 7.963 -0.0089 49.877 -0.0725 14.161 688.401 1.350 1.414 0.500 0.001 0.307
2 1 7 1 600.700 3923.798 600.700 8.043 -0.0086 46.638 -0.0733 12.815 636.387 1.416 2.179 48.519 0.127 0.058
2 1 7 2 626.846 65439.653 626.846 7.972 -0.0089 49.960 -0.0755 9.317 661.430 1.338 37.675 1922.431 5.069 0.142
2 1 7 3 603.429 53017.908 603.429 7.731 -0.0095 48.377 -0.0757 8.887 638.708 1.814 29.922 1358.537 3.677 0.159
2 1 7 4 603.852 47872.001 603.852 7.955 -0.0089 51.872 -0.0817 6.272 635.209 1.936 32.009 1553.228 4.435 0.100
2 1 7 5 1082.448 1355774.172 1082.448 8.504 -0.0072 49.208 -0.0427 5.040 1153.332 2.061 217.988 1.414 217.988 0.183
2 1 7 6 573.978 11430.525 573.978 7.922 -0.0090 48.783 -0.0805 3.263 605.997 1.776 7.533 375.583 1.016 0.068
2 2 1 1 399.748 147122.340 427.515 6.587 -0.0392 59.854 -0.0850 3.861 704.322 1.514 1.414 1.414 1.414 0.161
2 2 1 2 488.474 495.572 488.473 8.296 -0.0229 53.162 -0.1014 5.902 524.516 1.294 0.283 4.977 0.013 0.018
2 2 1 3 561.243 36056.083 561.242 7.131 -0.0113 53.270 -0.0902 6.838 590.834 1.557 26.689 1788.096 4.810 0.132
2 2 1 4 566.667 362.313 566.667 7.647 -0.0098 52.762 -0.0886 8.784 595.634 1.571 0.275 4.814 0.013 0.021
2 2 1 5 539.988 3786.751 539.988 7.221 -0.0110 52.534 -0.0924 8.261 568.389 1.301 2.998 98.349 0.261 0.069
2 2 1 6 739.905 2962.013 739.904 7.274 -0.0109 57.680 -0.0741 7.738 778.058 1.620 1.414 0.259 0.001 0.227
2 2 2 1 554.313 5532.519 554.312 7.562 -0.0100 51.520 -0.0883 10.141 583.614 1.639 4.167 159.413 0.428 0.088
2 2 2 2 577.540 12979.877 577.539 6.605 -0.0136 54.033 -0.0886 10.126 610.091 1.302 8.340 3096.988 8.340 0.260
2 2 2 3 561.083 25862.539 561.083 7.495 -0.0105 52.266 -0.0885 11.521 590.750 1.828 19.080 1077.088 2.983 0.155
2 2 2 4 617.716 7647.502 617.716 8.268 -0.0085 49.206 -0.0755 12.827 651.889 1.441 4.498 116.353 0.316 0.073
2 2 2 5 564.496 2207.409 564.495 7.954 -0.0095 51.864 -0.0873 12.612 593.766 1.771 1.655 36.494 0.097 0.058
2 2 2 6 508.902 173.370 508.900 8.842 -0.0249 47.440 -0.0835 12.567 568.362 1.411 0.041 15.570 0.042 0.289
2 2 3 1 555.793 2954.975 555.793 7.520 -0.0106 52.333 -0.0894 13.298 585.062 1.266 2.227 49.987 0.131 0.059
2 2 3 2 815.985 3531.093 815.984 8.243 -0.0088 55.851 -0.0651 13.906 858.196 2.025 1.414 0.078 1.414 0.304
2 2 3 3 630.727 35936.819 630.727 8.402 -0.0084 48.068 -0.0721 14.999 666.904 2.131 19.323 444.441 1.203 0.181
2 2 3 4 607.130 29299.430 607.129 7.926 -0.0092 50.227 -0.0784 12.746 640.440 1.662 17.965 814.820 2.270 0.122
2 2 3 5 112.704 744.528 112.704 9.000 -0.0094 15.689 -0.1181 10.000 132.842 1.779 1.414 1.414 1.414 1.414
2 2 3 6 112.704 744.528 112.704 9.000 -0.0094 15.689 -0.1181 10.000 132.842 1.779 1.414 1.414 1.414 1.414
2 2 4 1 531.095 6559.264 531.094 7.448 -0.0104 50.089 -0.0894 7.824 560.252 1.598 5.040 244.758 0.676 0.097
2 2 4 2 634.688 69292.502 634.688 8.031 -0.0087 48.439 -0.0722 9.272 671.175 2.008 36.727 1797.052 4.840 0.141
2 2 4 3 1097.029 3182503.906 1097.028 8.332 -0.0078 54.563 -0.0470 10.489 1160.621 2.042 618.417 1.414 618.417 0.264
2 2 4 4 580.375 12845.107 580.375 8.182 -0.0093 49.220 -0.0803 16.907 612.748 1.556 8.308 359.528 1.008 0.144
2 2 4 5 668.448 140.048 668.448 8.679 -0.0082 47.080 -0.0665 17.981 708.365 2.055 0.064 25.631 0.064 0.346
2 2 4 6 -664.724 865.434  NaN 8.643 -0.0037 89.865 0.1323 17.028 679.040 1.305 1.414 1.414 1.414 0.337
2 2 5 1 535.244 5618.091 535.243 7.842 -0.0095 49.616 -0.0879 14.748 564.271 1.570 4.333 231.265 0.625 0.162
2 2 5 2 6911.354 10756081.442 -Infinity 8.543 -0.0076 62.399 -0.0145 15.236 4303.477 2.062 1.414 1.414 1.414 0.319
2 2 5 3 586.208 10661.265 586.207 8.000 -0.0089 47.555 -0.0767 14.409 620.177 1.953 6.412 260.404 0.722 0.116
2 2 5 4 626.377 55844.777 626.376 8.158 -0.0093 48.111 -0.0725 17.604 663.487 1.418 28.935 1264.801 3.384 0.197
2 2 5 5 625.624 73935.799 625.623 8.013 -0.0094 48.284 -0.0729 16.814 662.593 1.640 38.543 1797.246 5.109 0.191
2 2 5 6 742.483 24719.457 742.483 8.395 -0.0085 44.871 -0.0566 17.500 793.145 2.142 7.488 2754.207 7.488 0.342
2 2 6 1 640.981 367.270 640.981 8.487 -0.0084 46.448 -0.0683 17.539 679.715 1.294 0.177 67.448 0.177 0.342
2 2 6 2 629.575 368.601 629.575 8.571 -0.0081 47.269 -0.0710 16.719 666.075 2.062 0.196 74.964 0.196 0.334
2 2 6 3 608.471 11050.750 608.470 8.305 -0.0086 45.084 -0.0697 16.521 646.543 2.033 5.538 213.233 0.583 0.128
2 2 6 4 557.077 7668.976 557.077 7.873 -0.0091 46.939 -0.0796 14.927 589.666 1.813 4.967 244.296 0.668 0.142
2 2 6 5 602.516 42326.188 602.515 7.858 -0.0093 47.730 -0.0748 14.956 638.098 1.776 23.592 931.508 2.543 0.210
2 2 6 6 609.056 44313.643 609.056 7.772 -0.0094 47.835 -0.0741 13.936 645.167 1.629 24.092 1251.128 3.537 0.162
2 2 7 1 561.280 8902.327 561.279 7.720 -0.0095 48.083 -0.0810 9.944 593.586 1.371 5.828 282.794 0.775 0.112
2 2 7 2 514.445 46336.581 514.440 8.876 -0.0258 44.763 -0.0743 6.524 602.628 1.458 5.160 1906.886 5.160 0.209
2 2 7 3 550.636 7340.618 550.636 7.960 -0.0089 49.243 -0.0848 5.592 580.470 1.572 5.406 253.586 0.708 0.085
2 2 7 4 628.503 60601.359 628.502 7.921 -0.0090 47.950 -0.0721 7.522 665.474 1.938 31.556 1356.096 3.658 0.144
2 2 7 5 643.827 42388.914 643.827 8.163 -0.0083 46.991 -0.0689 4.922 682.076 1.982 20.836 957.067 2.683 0.091
2 2 7 6 569.787 12653.328 569.787 7.794 -0.0094 50.708 -0.0845 3.487 600.194 1.896 8.983 430.505 1.160 0.066
2 3 1 1 875.226 34548.999 875.225 7.474 -0.0102 54.818 -0.0591 1.879 926.969 1.596 9.850 921.776 1.424 0.058
2 3 1 2 914.844 20366.052 914.843 6.555 -0.0124 48.324 -0.0483 2.365 1000.098 2.065 2.363 1575.325 2.363 0.134
2 3 1 3 838.130 45363.471 838.129 6.777 -0.0123 56.680 -0.0637 2.846 889.362 2.347 13.241 1990.648 3.107 0.087
2 3 1 4 830.485 21218.639 830.484 6.926 -0.0117 58.273 -0.0665 3.114 876.881 1.291 7.300 810.934 1.239 0.072
2 3 1 5 875.620 84791.261 875.619 6.951 -0.0123 52.269 -0.0556 3.816 940.204 2.148 16.455 2141.518 3.378 0.115
2 3 1 6 970.289 109384.610 970.287 6.563 -0.0123 54.029 -0.0518 3.822 1043.979 1.557 16.562 1.414 16.255 0.164
2 3 2 1 49.184 10.352 49.179 6.522 -0.0170 8.975 -0.0488 2.442 183.937 0.044 0.001 3.087 0.017 0.190
2 3 2 2 930.772 85745.913 930.771 7.713 -0.0106 50.547 -0.0506 3.738 998.790 1.805 15.070 1114.791 1.704 0.111
2 3 2 3 348.654 0.309 348.653 8.999 -0.0174 42.139 -0.1125 2.801 374.398 0.157 0.000 6.407 0.017 0.191
2 3 2 4 797.011 17245.316 797.009 7.751 -0.0157 53.920 -0.0626 3.722 860.884 1.675 3.445 392.534 0.587 0.071
2 3 2 5 454.673 105.135 454.666 6.533 -0.0162 3.928 -0.0257 2.653 152.837 0.043 0.001 2.368 0.014 0.283
2 3 2 6 742.392 1385.665 742.389 8.034 -0.0205 53.739 -0.0651 3.809 825.675 1.661 0.170 6.367 0.010 0.014
2 3 3 1 1062.234 19132.906 1062.233 8.317 -0.0094 46.347 -0.0401 3.476 1156.447 1.721 1.824 1186.362 1.824 0.164
2 3 3 2 107.847 0.082 107.847 6.500 -0.0163 20.452 -0.1666 2.543 122.771 0.012 0.000 26.376 0.114 1.872
2 3 3 3 188.948 0.088 188.946 7.490 -0.0191 18.050 -0.0735 1.918 245.423 0.245 0.000 0.313 0.000 0.007
2 3 3 4 770.061 3015.551 770.057 8.994 -0.0187 50.248 -0.0579 3.835 867.606 1.835 0.273 184.737 0.274 0.171
2 3 3 5 324.584 1.402 324.583 8.903 -0.0189 41.390 -0.1185 2.515 349.399 1.910 0.002 7.489 0.022 0.184
2 3 3 6 847.187 3558.835 847.185 6.559 -0.0127 49.253 -0.0536 3.302 918.045 1.771 0.585 22.199 0.032 0.027
2 3 4 1 759.113 626715.324 759.087 6.628 -0.0237 55.780 -0.0627 3.458 889.204 1.996 32.413 4377.452 4.134 0.159
2 3 4 2 943.638 44095.769 943.637 7.943 -0.0100 52.495 -0.0522 3.300 1005.856 1.297 9.070 702.043 1.087 0.061
2 3 4 3 -1431.279 8.853 1556.828 8.337 -0.0150 1.822 0.0012 2.530 1495.233 0.529 0.002 0.389 0.002 0.289
2 3 4 4 904.775 24719.989 904.774 7.665 -0.0106 49.105 -0.0505 3.868 973.299 1.815 4.298 403.394 0.616 0.072
2 3 4 5 974.792 118511.623 974.791 7.896 -0.0102 50.007 -0.0477 3.745 1047.789 1.582 18.249 1650.695 2.478 0.095
2 3 4 6 896.941 76071.678 896.941 7.094 -0.0112 52.783 -0.0551 3.558 958.203 2.121 16.174 1737.354 2.777 0.080
2 3 5 1 950.899 124381.056 950.898 7.469 -0.0111 48.344 -0.0469 3.532 1031.754 1.939 15.895 1516.055 2.376 0.076
2 3 5 2 853.181 103792.494 853.180 6.506 -0.0127 57.026 -0.0629 3.526 906.361 2.490 28.372 9064.271 14.497 0.123
2 3 5 3 871.672 55130.196 871.671 7.067 -0.0117 49.589 -0.0528 3.521 939.845 1.358 9.708 1135.234 1.788 0.090
2 3 5 4 1050.769 150092.128 1050.768 8.273 -0.0094 41.685 -0.0356 4.211 1169.906 2.020 9.138 677.129 1.073 0.078
2 3 5 5 723.789 6402.736 723.788 6.621 -0.0141 48.444 -0.0619 5.585 783.105 2.414 1.475 558.481 0.871 0.177
2 3 5 6 1291.251 1494789.090 1291.249 7.831 -0.0103 50.809 -0.0357 4.791 1423.848 1.900 73.512 1.414 73.509 0.181
2 3 6 1 984.614 89478.128 984.613 7.922 -0.0098 44.438 -0.0413 3.969 1076.551 1.732 8.967 806.290 1.271 0.086
2 3 6 2 793.720 26222.957 793.712 8.827 -0.0166 43.035 -0.0436 4.249 986.304 1.391 0.626 408.011 0.626 0.168
2 3 6 3 850.391 21691.839 850.387 6.754 -0.0138 41.351 -0.0417 3.910 991.877 2.009 0.950 48.377 0.064 0.036
2 3 6 4 928.697 22473.474 928.696 7.798 -0.0103 47.116 -0.0469 4.214 1004.528 1.768 3.240 206.688 0.312 0.054
2 3 6 5 796.275 15896.429 796.274 6.930 -0.0121 48.809 -0.0569 4.734 857.482 1.696 3.429 454.080 0.712 0.109
2 3 6 6 904.248 39231.823 904.246 7.309 -0.0111 47.418 -0.0483 3.697 980.797 2.095 5.569 550.471 0.835 0.074
2 3 7 1 838.120 94878.170 838.119 6.636 -0.0125 53.122 -0.0592 5.833 896.640 1.653 22.039 3512.716 5.738 0.105
2 3 7 2 825.097 10796.652 825.097 7.220 -0.0111 58.948 -0.0678 4.762 868.957 1.844 4.066 384.084 0.576 0.077
2 3 7 3 836.609 147302.523 836.606 6.662 -0.0140 45.541 -0.0489 5.033 932.242 2.194 13.799 2502.061 3.975 0.120
2 3 7 4 894.919 43802.768 894.918 7.056 -0.0115 47.532 -0.0489 4.437 971.835 1.298 6.167 513.745 0.788 0.067
2 3 7 5 969.154 63098.950 969.152 7.695 -0.0099 41.066 -0.0381 5.201 1079.142 1.897 4.494 389.843 0.594 0.080
2 3 7 6 960.888 77114.587 960.887 7.657 -0.0097 43.909 -0.0418 3.725 1049.951 1.887 8.217 773.124 1.214 0.079
2 4 1 1 813.842 5186.108 813.842 6.615 -0.0107 97.494 -0.1168 1.242 834.812 1.632 4.538 1728.520 2.316 0.124
2 4 1 2 787.660 336.969 787.660 6.674 -0.0106 94.153 -0.1164 1.487 808.683 2.365 0.301 124.850 0.163 0.118
2 4 1 3 845.111 18303.433 845.111 6.681 -0.0121 96.203 -0.1108 1.863 868.226 2.409 14.586 6232.700 8.268 0.103
2 4 1 4 821.114 279.674 821.114 7.323 -0.0103 85.479 -0.1010 2.205 845.965 1.619 0.214 96.829 0.126 0.134
2 4 1 5 911.257 25142.500 911.257 7.399 -0.0103 85.693 -0.0912 2.187 939.545 1.784 16.112 1890.989 2.588 0.073
2 4 1 6 890.551 3007.639 890.551 8.460 -0.0151 73.632 -0.0791 2.658 931.460 1.509 1.235 933.503 1.235 0.143
2 4 2 1 852.439 9809.038 852.439 6.605 -0.0107 102.015 -0.1168 2.434 873.399 1.272 8.326 2260.714 2.956 0.108
2 4 2 2 896.082 10241.444 896.082 6.604 -0.0107 107.097 -0.1168 2.409 917.052 1.291 8.401 1210.628 7.160 0.141
2 4 2 3 942.161 12134.436 942.161 7.852 -0.0099 70.044 -0.0714 2.418 980.986 1.788 5.280 449.656 0.636 0.055
2 4 2 4 1058.391 28905.547 1058.391 7.876 -0.0100 68.776 -0.0622 2.753 1105.673 1.917 9.167 1.414 9.167 0.153
2 4 2 5 262.415 1.495 262.415 7.563 -0.0167 40.541 -0.1446 1.813 280.412 0.781 0.003 5.470 0.019 0.207
2 4 2 6 857.898 1660.561 857.898 7.733 -0.0101 67.448 -0.0754 2.552 894.103 1.824 0.818 53.441 0.071 0.110
2 4 3 1 875.898 5123.561 875.897 8.684 -0.0157 100.496 -0.1116 3.062 900.860 1.266 3.758 2880.941 3.758 0.160
2 4 3 2 890.869 6187.668 890.869 7.001 -0.0110 69.964 -0.0754 2.666 928.304 2.138 2.880 430.352 0.560 0.084
2 4 3 3 1493.095 3988.530 1493.094 6.904 -0.0105 109.028 -0.0711 2.699 1532.984 1.348 1.414 1.414 1.414 0.153
2 4 3 4 -979.960 1272.436  NaN 7.970 -0.0098 72.415 0.0723 2.838 1001.717 1.950 1.414 1.414 1.414 0.159
2 4 3 5 865.983 9797.164 865.982 6.562 -0.0112 89.693 -0.1006 2.611 891.551 2.351 7.085 1717.259 2.256 0.094
2 4 3 6 934.486 21322.564 934.486 6.957 -0.0105 96.502 -0.1006 2.509 959.602 1.393 14.989 3977.234 3.392 0.151
2 4 4 1 949.734 30850.230 949.734 7.675 -0.0102 66.579 -0.0671 3.100 992.643 1.912 11.618 1262.458 1.730 0.084
2 4 4 2 882.228 3188.353 882.227 6.605 -0.0107 55.671 -0.0596 2.607 934.684 1.736 0.887 373.740 0.500 0.143
2 4 4 3 941.092 4168.195 941.091 7.873 -0.0100 65.362 -0.0664 2.542 984.138 1.382 1.566 77.062 0.098 0.030
2 4 4 4 961.657 22302.500 961.656 8.049 -0.0098 64.429 -0.0640 2.615 1006.596 1.910 7.815 787.142 1.063 0.073
2 4 4 5 -488.447 635.613  NaN 8.015 -0.0098 62.972 0.1254 2.893 502.246 1.965 1.414 1.414 1.414 0.144
2 4 4 6 866.328 1182.639 866.328 7.845 -0.0100 63.809 -0.0704 2.814 905.963 1.292 0.512 58.506 0.076 0.134
2 4 5 1 945.196 15634.778 945.196 7.281 -0.0103 63.649 -0.0642 3.406 990.998 1.595 5.343 690.533 0.906 0.082
2 4 5 2 876.879 4446.859 876.878 6.604 -0.0107 57.133 -0.0617 2.786 926.614 1.720 1.353 572.142 0.807 0.140
2 4 5 3 887.901 15931.338 887.900 7.959 -0.0142 62.279 -0.0662 3.441 940.934 1.768 4.349 609.397 0.796 0.072
2 4 5 4 2147.280 10900.032 2147.280 7.185 -0.0103 104.349 -0.0469 3.396 2223.247 1.562 1.414 1.414 1.414 0.152
2 4 5 5 112.704 744.528 112.704 9.000 -0.0094 15.689 -0.1181 10.000 132.842 1.779 1.414 1.414 1.414 1.414
2 4 5 6 112.704 744.528 112.704 9.000 -0.0094 15.689 -0.1181 10.000 132.842 1.779 1.414 1.414 1.414 1.414
2 4 6 1 811.473 3727.667 811.473 6.604 -0.0107 82.469 -0.0985 4.045 837.413 1.289 2.755 725.103 1.008 0.133
2 4 6 2 943.730 14105.607 943.730 7.675 -0.0103 65.655 -0.0665 4.987 987.237 1.482 5.213 455.160 0.600 0.069
2 4 6 3 922.998 10626.221 922.997 7.862 -0.0100 68.799 -0.0715 3.964 961.759 1.928 4.664 396.119 0.510 0.059
2 4 6 4 1418.008 117924.935 1418.006 8.317 -0.0111 65.408 -0.0432 4.149 1513.039 2.039 10.860 1.414 0.123 0.167
2 4 6 5 820.222 1831.724 820.222 6.599 -0.0107 98.248 -0.1168 3.809 841.184 2.208 1.595 508.066 0.660 0.138
2 4 6 6 962.278 18345.147 962.277 8.172 -0.0096 61.631 -0.0610 5.718 1010.160 1.707 5.828 421.923 0.570 0.066
2 4 7 1 859.240 23169.380 859.239 6.989 -0.0142 61.828 -0.0680 9.086 909.836 1.584 6.878 2023.310 2.643 0.161
2 4 7 2 1433.181 17798.293 1433.179 8.154 -0.0096 59.446 -0.0387 6.061 1536.015 2.005 1.414 1.414 1593.914 0.201
2 4 7 3 759.554 1981.896 759.553 6.940 -0.0109 73.977 -0.0940 3.259 787.281 1.378 1.414 9.102 0.012 0.148
2 4 7 4 861.323 20560.213 861.323 6.513 -0.0121 81.834 -0.0919 2.885 890.857 1.308 12.947 6459.361 8.544 0.119
2 4 7 5 1044.629 2565.761 1044.628 7.326 -0.0103 92.003 -0.0856 2.275 1075.381 1.652 1.414 1.414 328.094 0.129
2 4 7 6 799.429 1597.249 799.428 6.633 -0.0107 95.758 -0.1167 1.631 820.399 1.444 1.414 1.414 1.414 0.121
2 5 1 1 4388.018  NaN -Infinity 7.714 -0.0094 520.616 -0.1181 2.506 4408.156  NaN  NaN  NaN  NaN  NaN
2 5 1 2 -9167.954 12348.321  NaN 8.661 -0.0094 389.744 0.0424 6.098 9200.661 2.057 1.414 1.414 1.414 0.202
2 5 1 3 3279.899 4986.814 3279.891 8.332 -0.0094 389.744 -0.1181 10.216 3300.037 2.042 1.414 1.414 0.099 0.261
2 5 1 4 525.357 1151.122 525.357 6.729 -0.0132 71.326 -0.1310 11.604 544.476 2.037 1.414 3.284 0.006 0.282
2 5 1 5 612.438 0.726 612.438 9.000 -0.0124 76.005 -0.1200 11.397 633.458 1.985 0.001 26.233 0.041 0.342
2 5 1 6 3279.899 4986.814 3280.912 8.280 -0.0094 389.744 -0.1181 7.432 3300.037 2.033 1.414 1.414 0.038 0.223
2 5 2 1 3279.899 4986.814 3278.671 8.614 -0.0094 389.744 -0.1181 4.473 3300.037 2.061 1.414 1.414 0.013 0.173
2 5 2 2 3492.445 5285.518 3491.653 8.288 -0.0094 414.846 -0.1181 3.622 3512.583 2.034 1.414 1.414 0.017 0.156
2 5 2 3 3890.307 5845.174 -Infinity 8.103 -0.0094 461.835 -0.1181 3.038 3910.445 1.991 1.414 1.414 0.021 0.144
2 5 2 4 3463.115 5244.286 3469.362 8.295 -0.0094 411.382 -0.1181 3.443 3483.253 2.036 1.414 1.414 0.018 0.152
2 5 2 5 3279.899 4986.814 3282.114 8.621 -0.0094 389.744 -0.1181 4.172 3300.037 2.060 1.414 1.414 0.018 0.167
2 5 2 6 3279.899 4986.814 3281.467 8.369 -0.0094 389.744 -0.1181 3.667 3300.037 2.048 1.414 1.414 0.016 0.157
2 5 3 1 3279.899 4986.814 3280.883 8.400 -0.0094 389.744 -0.1181 3.838 3300.037 2.052 1.414 1.414 0.016 0.162
2 5 3 2 3279.899 4986.814 3278.272 8.633 -0.0094 389.744 -0.1181 4.090 3300.037 2.060 1.414 1.414 0.036 0.167
2 5 3 3 3279.899 4986.814 3278.655 8.615 -0.0094 389.744 -0.1181 3.879 3300.037 2.061 1.414 1.414 0.016 0.162
2 5 3 4 3279.899 4986.814 3280.774 8.606 -0.0094 389.744 -0.1181 3.728 3300.037 2.061 1.414 1.414 0.014 0.158
2 5 3 5 3279.899 4986.814 3280.464 8.622 -0.0094 389.744 -0.1181 3.808 3300.037 2.060 1.414 1.414 0.027 0.162
2 5 3 6 3279.899  NaN 3279.013 8.375 -0.0094 389.744 -0.1181 3.203 3300.037 2.048  NaN 1.414 1.414 0.207
2 5 4 1 3279.899 4986.814 3280.649 8.612 -0.0094 389.744 -0.1181 3.681 3300.037 2.061 1.414 1.414 0.016 0.159
2 5 4 2 3279.899 4986.814 3280.597 8.615 -0.0094 389.744 -0.1181 3.867 3300.037 2.061 1.414 1.414 0.017 0.161
2 5 4 3 3279.899 4986.814 3278.804 8.608 -0.0094 389.744 -0.1181 3.538 3300.037 2.061 1.414 1.414 0.015 0.155
2 5 4 4 3279.899 4986.814 3282.055 8.624 -0.0094 389.744 -0.1181 4.232 3300.037 2.060 1.414 1.414 0.020 0.169
2 5 4 5 3279.899 4986.814 3278.564 8.396 -0.0094 389.744 -0.1181 3.511 3300.037 2.051 1.414 1.414 0.016 0.155
2 5 4 6 3318.728  NaN 3316.462 8.333 -0.0094 394.330 -0.1181 3.028 3338.866 2.042  NaN 1.414 1.414 0.204
2 5 5 1 3279.899 4986.814 3278.732 8.388 -0.0094 389.744 -0.1181 3.535 3300.037 2.050 1.414 1.414 0.016 0.157
2 5 5 2 3452.985 5230.046 3442.568 8.295 -0.0094 410.186 -0.1181 3.232 3473.123 2.036 1.414 1.414 0.018 0.150
2 5 5 3 3799.720  NaN -Infinity 8.140 -0.0094 451.136 -0.1181 2.698 3819.858 2.001  NaN 1.414 1.414 0.197
2 5 5 4 4965.936  NaN  NaN 6.513 -0.0094 588.870 -0.1181 2.210 4986.074  NaN  NaN  NaN  NaN  NaN
2 5 5 5 5555.777 14973547.469  NaN 8.092 -0.0094 658.532 -0.1181 1.643 5575.915 1.988 2584.811 1.414 0.021 0.116
2 5 5 6 112.704 744.528 112.704 9.000 -0.0094 15.689 -0.1181 10.000 132.842 1.779 1.414 1.414 1.414 1.414
2 5 6 1 5752.915 8470.530  NaN 8.086 -0.0094 681.814 -0.1181 1.617 5773.053 1.987 1.414 1.414 0.021 0.116
2 5 6 2 5304.773 7838.334  NaN 8.102 -0.0094 628.887 -0.1181 1.990 5324.910 1.991 1.414 1.414 0.021 0.125
2 5 6 3 5799.558 8536.343  NaN 8.088 -0.0094 687.323 -0.1181 1.481 5819.695 1.987 1.414 1.414 0.021 0.117
2 5 6 4 3599.113 32020.108  NaN 8.114 -0.0304 159.667 -0.0461 1.531 3462.453 1.994 1.414 1.414 1.414 0.116
2 5 6 5 3580.556 24813.125  NaN 8.100 -0.0315 159.659 -0.0461 1.463 3461.972 1.990 1.414 1.414 1.414 0.112
2 5 6 6 5861.789 8624.155  NaN 8.088 -0.0094 694.673 -0.1181 1.478 5881.927 1.987 1.414 1.414 0.021 0.117
2 5 7 1 5419.578 8000.267  NaN 8.038 -0.0094 642.446 -0.1181 1.454 5439.716 1.972 1.414 1.414 0.023 0.112
2 5 7 2 3394.338 34299.667  NaN 8.100 -0.0310 155.973 -0.0480 1.497 3252.086 1.990 1.414 1.414 1260.220 0.117
2 5 7 3 5936.254 8729.234  NaN 8.109 -0.0094 703.467 -0.1181 1.580 5956.392 1.993 1.414 1.414 0.020 0.118
2 5 7 4 3814.763 33619.340  NaN 8.109 -0.0304 170.676 -0.0464 1.385 3674.803 1.993 1.414 1.414 2026.175 0.119
2 5 7 5 1485.022 6891491.338  NaN 8.627 -0.0221 161.487 -0.0452 1.490 3572.396 2.060 1.414 1.414 59.109 0.118
2 5 7 6 5788.334 8520.506  NaN 8.096 -0.0094 685.997 -0.1181 1.326 5808.472 1.989 1.414 1.414 0.021 0.125
2 6 1 1 3118.193  NaN 3118.529 7.068 -0.0094 370.646 -0.1181 1.105 3138.331  NaN  NaN  NaN  NaN  NaN
2 6 1 2 3725.657 13738.516 -Infinity 8.610 -0.0094 165.139 -0.0434 1.320 3806.989 2.061 1.414 1.414 1.414 0.113
2 6 1 3 644.197 0.256 644.197 9.000 -0.0113 309.109 -0.4766 10.633 648.603 1.858 0.000 54.582 0.084 0.333
2 6 1 4 3279.899 4986.814 3280.760 8.288 -0.0094 389.744 -0.1181 8.304 3300.037 2.034 1.414 1.414 0.025 0.235
2 6 1 5 3279.899 4986.814 3280.058 8.324 -0.0094 389.744 -0.1181 9.929 3300.037 2.041 1.414 1.414 0.196 0.257
2 6 1 6 3279.899 4986.814 3278.031 8.644 -0.0094 389.744 -0.1181 7.135 3300.037 2.059 1.414 1.414 0.012 0.218
2 6 2 1 3279.899 4986.814 3281.518 8.654 -0.0094 389.744 -0.1181 6.860 3300.037 2.058 1.414 1.414 0.017 0.214
2 6 2 2 3279.899 4986.814 3278.740 8.611 -0.0094 389.744 -0.1181 4.638 3300.037 2.061 1.414 1.414 0.012 0.176
2 6 2 3 3815.716 5740.206 -Infinity 8.157 -0.0094 453.025 -0.1181 3.739 3835.854 2.006 1.414 1.414 0.019 0.158
2 6 2 4 5695.893 8390.076  NaN 8.089 -0.0094 675.080 -0.1181 1.722 5716.031 1.987 1.414 1.414 0.021 0.116
2 6 2 5 5916.265 8701.026  NaN 8.088 -0.0094 701.106 -0.1181 1.406 5936.403 1.987 1.414 1.414 0.021 0.117
2 6 2 6 4430.163 594492.845  NaN 8.609 -0.0233 165.307 -0.0433 1.449 3818.240 2.061 1.414 1.414 115.321 0.108
2 6 3 1 3578.468 5406.470 -Infinity 8.251 -0.0094 425.006 -0.1181 3.257 3598.606 2.027 1.414 1.414 0.018 0.154
2 6 3 2 3373.404 5118.195 3371.209 8.333 -0.0094 400.787 -0.1181 3.775 3393.541 2.042 1.414 1.414 0.017 0.160
2 6 3 3 3305.148 5022.287 3306.891 8.345 -0.0094 392.726 -0.1181 3.347 3325.286 2.044 1.414 1.414 0.017 0.151
2 6 3 4 3279.899 4986.814 3279.272 8.363 -0.0094 389.744 -0.1181 3.555 3300.037 2.047 1.414 1.414 0.017 0.157
2 6 3 5 3491.632 5284.375 3490.728 8.285 -0.0094 414.750 -0.1181 3.387 3511.770 2.034 1.414 1.414 0.018 0.155
2 6 3 6 3493.089 5286.423 3502.838 8.286 -0.0094 414.922 -0.1181 3.508 3513.227 2.034 1.414 1.414 0.018 0.156
2 6 4 1 3321.592 5045.390 3323.215 8.352 -0.0094 394.668 -0.1181 3.816 3341.729 2.045 1.414 1.414 0.016 0.165
2 6 4 2 3279.899 4986.814 3280.642 8.412 -0.0094 389.744 -0.1181 3.874 3300.037 2.053 1.414 1.414 0.016 0.164
2 6 4 3 3419.284 5182.675 3418.003 8.317 -0.0094 406.206 -0.1181 3.677 3439.422 2.039 1.414 1.414 0.017 0.160
2 6 4 4 3641.325 5494.870 -Infinity 8.228 -0.0094 432.429 -0.1181 3.268 3661.463 2.022 1.414 1.414 0.019 0.156
2 6 4 5 3616.816  NaN -Infinity 8.228 -0.0094 429.535 -0.1181 2.997 3636.954 2.022  NaN 1.414 1.414 0.204
2 6 4 6 3752.441 5651.176 -Infinity 8.177 -0.0094 445.552 -0.1181 3.169 3772.579 2.010 1.414 1.414 0.020 0.150
2 6 5 1 3468.084 5251.270 3461.819 8.291 -0.0094 411.969 -0.1181 3.282 3488.221 2.035 1.414 1.414 0.018 0.151
2 6 5 2 3702.300 5580.638 -Infinity 8.195 -0.0094 439.631 -0.1181 3.078 3722.438 2.015 1.414 1.414 0.020 0.147
2 6 5 3 4951.595  NaN  NaN 6.515 -0.0094 587.176 -0.1181 2.378 4971.733  NaN  NaN  NaN  NaN  NaN
2 6 5 4 4319.899  NaN -Infinity 7.785 -0.0094 512.571 -0.1181 2.408 4340.037 1.882  NaN 1.414 1.414 0.188
2 6 5 5 4949.377  NaN  NaN 6.518 -0.0094 586.914 -0.1181 2.368 4969.515  NaN  NaN  NaN  NaN  NaN
2 6 5 6 5046.871 7474.632  NaN 8.094 -0.0094 598.428 -0.1181 1.952 5067.009 1.989 1.414 1.414 0.021 0.124
2 6 6 1 5857.892 8618.655  NaN 8.101 -0.0094 694.212 -0.1181 1.746 5878.030 1.991 1.414 1.414 0.021 0.116
2 6 6 2 5583.898 8232.069  NaN 8.079 -0.0094 661.853 -0.1181 1.652 5604.036 1.984 1.414 1.414 0.022 0.114
2 6 6 3 5272.904 7793.386  NaN 8.065 -0.0094 625.124 -0.1181 1.682 5293.041 1.980 1.414 1.414 0.022 0.117
2 6 6 4 6036.745 8871.046  NaN 8.132 -0.0094 715.335 -0.1181 1.860 6056.883 1.999 1.414 1.414 0.020 0.122
2 6 6 5 5732.874 8442.253  NaN 8.068 -0.0094 679.447 -0.1181 1.522 5753.012 1.981 1.414 1.414 0.022 0.111
2 6 6 6 5214.949 7711.650  NaN 8.077 -0.0094 618.279 -0.1181 1.670 5235.086 1.984 1.414 1.414 0.021 0.122
2 6 7 1 3699.268 13550.759 -Infinity 8.612 -0.0094 164.733 -0.0436 1.505 3779.935 2.061 1.414 1.414 1.414 0.115
2 6 7 2 3705.243 5443.876  NaN 8.619 -0.0799 163.323 -0.0443 1.363 3687.938 2.061 1.414 1.414 1.414 0.110
2 6 7 3 5986.381 8799.972  NaN 8.089 -0.0094 709.387 -0.1181 1.461 6006.519 1.987 1.414 1.414 0.021 0.119
2 6 7 4 3576.396 7248.528  NaN 8.631 -0.0441 160.785 -0.0456 1.483 3529.494 2.060 1.414 1.414 1.414 0.115
2 6 7 5 5899.006 8676.671  NaN 8.083 -0.0094 699.068 -0.1181 1.384 5919.144 1.985 1.414 1.414 0.021 0.116
2 6 7 6 5660.850 8340.635  NaN 8.103 -0.0094 670.941 -0.1181 1.396 5680.988 1.991 1.414 1.414 0.021 0.129
